20: Number of Connected-Weighted-Undirected-Graphs.

** G0: |V|=5
(u, v, weight) E = { 
      ( 0,  1, 38.373)
      ( 1,  2, 18.887)
      ( 1,  3, 40.737)
      ( 2,  4,  3.917) } |E|=4 
---------------- 

** G1: |V|=5
(u, v, weight) E = { 
      ( 0,  1, 68.855)
      ( 0,  3, 49.197)
      ( 1,  2, 84.924)
      ( 2,  3, 48.938)
      ( 2,  4, 84.903)
      ( 3,  4, 60.479) } |E|=6 
---------------- 

** G2: |V|=10
(u, v, weight) E = { 
      ( 0,  1, 22.847)
      ( 0,  6, 58.167)
      ( 0,  9, 14.193)
      ( 1,  2,  2.971)
      ( 1,  3,  0.926)
      ( 1,  4, 48.463)
      ( 1,  5, 99.713)
      ( 1,  7,  7.394)
      ( 2,  8, 72.192) } |E|=9 
---------------- 

** G3: |V|=10
(u, v, weight) E = { 
      ( 0,  1, 77.775)
      ( 0,  3, 97.215)
      ( 0,  4, 22.122)
      ( 0,  7, 42.682)
      ( 1,  2, 39.716)
      ( 1,  6, 83.871)
      ( 1,  7, 10.840)
      ( 1,  9, 30.640)
      ( 3,  4, 63.551)
      ( 3,  5,  4.708)
      ( 3,  6, 89.911)
      ( 3,  9, 84.841)
      ( 4,  5, 44.396)
      ( 4,  7, 65.071)
      ( 4,  8, 72.264)
      ( 6,  8, 82.942)
      ( 7,  8, 39.297)
      ( 7,  9, 38.163) } |E|=18 
---------------- 

** G4: |V|=15
(u, v, weight) E = { 
      ( 0,  1, 95.658)
      ( 0,  2, 26.710)
      ( 0,  6, 16.809)
      ( 0,  9,  9.875)
      ( 1,  3,  1.255)
      ( 1,  4, 69.827)
      ( 1,  8, 97.037)
      ( 1, 13, 32.339)
      ( 2,  7, 42.585)
      ( 2, 13, 61.893)
      ( 3,  5, 60.587)
      ( 3,  9, 25.230)
      ( 3, 11, 72.242)
      ( 3, 12, 37.316)
      ( 5, 12,  8.032)
      ( 6,  7, 31.420)
      ( 6, 11, 48.249)
      ( 6, 14, 49.449)
      ( 7,  8, 86.950)
      ( 7, 12, 96.535)
      ( 8,  9, 84.126)
      ( 8, 11, 97.027)
      ( 9, 10, 67.966)
      ( 9, 12, 49.038)
      ( 9, 13, 84.959)
      (11, 12, 49.944) } |E|=26 
---------------- 

** G5: |V|=15
(u, v, weight) E = { 
      ( 0,  1, 30.509)
      ( 0,  2, 72.211)
      ( 0,  4, 51.930)
      ( 0,  6, 15.073)
      ( 0,  9, 68.933)
      ( 1,  3, 90.673)
      ( 1,  4, 47.069)
      ( 2,  5,  0.263)
      ( 2,  7, 41.661)
      ( 2, 11, 99.706)
      ( 3, 10, 69.194)
      ( 3, 11, 43.439)
      ( 4,  8, 90.717)
      ( 4,  9, 71.281)
      ( 4, 13, 27.419)
      ( 5,  7, 69.352)
      ( 5, 11, 39.389)
      ( 5, 13, 59.166)
      ( 6, 12, 47.177)
      ( 7, 10, 42.701)
      ( 7, 12, 55.417)
      ( 8, 10, 37.227)
      ( 9, 10, 49.544)
      (10, 11, 63.980)
      (13, 14, 66.204) } |E|=25 
---------------- 

** G6: |V|=20
(u, v, weight) E = { 
      ( 0,  1, 28.043)
      ( 0,  2,  0.821)
      ( 0,  3, 52.621)
      ( 0,  7, 17.681)
      ( 0, 12, 73.125)
      ( 0, 13, 94.121)
      ( 0, 14, 93.050)
      ( 0, 15, 71.902)
      ( 0, 16, 52.038)
      ( 0, 17, 29.247)
      ( 1,  8, 79.149)
      ( 1, 14, 96.501)
      ( 1, 16,  9.702)
      ( 1, 17, 90.066)
      ( 2,  3, 16.612)
      ( 2,  4, 29.535)
      ( 2,  7,  4.680)
      ( 2,  8, 80.542)
      ( 2,  9, 77.395)
      ( 2, 11,  8.258)
      ( 2, 12, 81.818)
      ( 2, 17, 25.136)
      ( 2, 19, 54.911)
      ( 3,  4, 54.213)
      ( 3,  5, 32.861)
      ( 3,  9, 93.501)
      ( 3, 12, 71.500)
      ( 3, 14, 91.497)
      ( 3, 16, 22.941)
      ( 4,  7, 11.554)
      ( 4, 17, 35.238)
      ( 5,  6, 11.927)
      ( 5, 15, 64.250)
      ( 6,  8,  8.911)
      ( 6, 15, 30.565)
      ( 6, 16, 34.627)
      ( 6, 17,  4.882)
      ( 6, 18, 72.863)
      ( 7, 10, 82.645)
      ( 7, 13, 80.344)
      ( 8, 13, 13.983)
      ( 8, 14, 39.870)
      ( 9, 12, 99.995)
      ( 9, 15, 84.158)
      ( 9, 19, 63.853)
      (10, 11, 46.513)
      (10, 12, 86.536)
      (10, 14,  4.445)
      (11, 12, 21.367)
      (11, 17, 19.918)
      (11, 18, 85.794)
      (11, 19, 43.431)
      (12, 16, 29.328)
      (12, 18, 49.624)
      (14, 16, 26.674)
      (14, 19, 53.817)
      (15, 17, 67.190)
      (16, 17,  1.948)
      (16, 18, 79.096)
      (17, 18, 20.822)
      (17, 19, 78.557) } |E|=61 
---------------- 

** G7: |V|=20
(u, v, weight) E = { 
      ( 0,  1, 56.005)
      ( 0,  2, 38.897)
      ( 0,  5, 93.109)
      ( 0,  9, 15.605)
      ( 0, 11, 41.535)
      ( 0, 15, 72.134)
      ( 0, 17, 36.125)
      ( 1,  6, 91.284)
      ( 1,  9, 61.765)
      ( 1, 11, 38.644)
      ( 1, 16, 45.929)
      ( 1, 18,  4.931)
      ( 2,  3, 53.684)
      ( 2,  4, 81.593)
      ( 2,  5, 82.424)
      ( 2,  8, 34.908)
      ( 2, 13, 68.152)
      ( 2, 17, 93.576)
      ( 2, 19, 55.510)
      ( 3,  6, 34.590)
      ( 3,  8, 49.779)
      ( 3,  9, 14.668)
      ( 3, 12, 71.948)
      ( 3, 14, 82.066)
      ( 3, 15, 85.706)
      ( 4,  7, 11.895)
      ( 4, 13, 38.633)
      ( 5,  6,  0.566)
      ( 5,  9, 28.798)
      ( 5, 19, 43.501)
      ( 6,  7, 74.443)
      ( 6, 10, 83.528)
      ( 6, 15, 54.196)
      ( 6, 17, 71.786)
      ( 6, 19, 71.708)
      ( 7, 10, 51.541)
      ( 7, 13, 49.423)
      ( 7, 15, 39.215)
      ( 7, 19, 44.264)
      ( 8, 11, 91.406)
      ( 8, 12, 84.726)
      ( 8, 14, 30.077)
      ( 8, 15, 89.505)
      ( 8, 16, 73.681)
      ( 9, 10, 42.516)
      ( 9, 11, 56.968)
      ( 9, 16, 89.268)
      ( 9, 18, 50.283)
      ( 9, 19,  6.727)
      (10, 12, 82.818)
      (10, 15, 22.841)
      (10, 16,  5.214)
      (10, 18, 93.782)
      (10, 19, 52.011)
      (11, 15, 41.020)
      (11, 19, 69.989)
      (12, 13, 11.208)
      (12, 15, 85.666)
      (12, 19, 39.615)
      (14, 15, 23.744)
      (14, 19, 31.070)
      (15, 16, 20.026)
      (16, 18, 70.684) } |E|=63 
---------------- 

** G8: |V|=25
(u, v, weight) E = { 
      ( 0,  1,  5.107)
      ( 0,  2, 89.012)
      ( 0,  3, 40.751)
      ( 0,  4, 16.445)
      ( 0, 11, 86.588)
      ( 0, 14, 94.292)
      ( 0, 18, 98.909)
      ( 1,  7, 27.998)
      ( 1, 11, 20.011)
      ( 1, 12, 83.130)
      ( 1, 17, 58.724)
      ( 1, 20, 85.238)
      ( 1, 21, 42.292)
      ( 2, 13, 96.737)
      ( 2, 18, 14.010)
      ( 2, 21,  7.893)
      ( 3,  6, 75.538)
      ( 3,  8, 20.682)
      ( 3,  9, 80.603)
      ( 3, 14, 59.746)
      ( 3, 18, 34.711)
      ( 3, 20,  9.799)
      ( 3, 22, 11.309)
      ( 3, 23, 52.089)
      ( 4,  5,  2.776)
      ( 4,  6, 51.568)
      ( 4,  7,  4.638)
      ( 4,  9,  6.163)
      ( 4, 11, 89.468)
      ( 4, 13, 46.699)
      ( 4, 20,  0.282)
      ( 4, 23, 78.299)
      ( 5,  8, 66.496)
      ( 5, 13, 13.272)
      ( 5, 14, 66.883)
      ( 5, 18, 50.458)
      ( 6,  8, 41.899)
      ( 6,  9, 38.210)
      ( 6, 10, 75.054)
      ( 6, 14, 34.837)
      ( 6, 15, 37.052)
      ( 6, 18, 19.172)
      ( 6, 19,  4.764)
      ( 6, 21, 25.156)
      ( 6, 23, 41.898)
      ( 6, 24, 78.819)
      ( 7,  9, 35.073)
      ( 7, 10, 57.997)
      ( 7, 13, 54.232)
      ( 7, 15, 61.282)
      ( 7, 22, 61.154)
      ( 7, 23,  8.772)
      ( 7, 24, 37.054)
      ( 8, 13, 31.275)
      ( 8, 17, 11.317)
      ( 8, 19, 58.431)
      ( 8, 20, 35.246)
      ( 8, 23, 98.033)
      ( 9, 10, 96.483)
      ( 9, 15, 16.432)
      (10, 12,  8.253)
      (10, 13, 78.660)
      (10, 15,  1.102)
      (10, 18, 87.415)
      (10, 20, 65.474)
      (11, 13, 87.802)
      (11, 15, 78.351)
      (11, 20, 97.136)
      (11, 21, 68.861)
      (12, 13, 69.845)
      (12, 14, 91.801)
      (12, 16, 69.437)
      (12, 20, 66.976)
      (12, 24, 29.135)
      (13, 16, 96.382)
      (13, 20, 96.268)
      (13, 21, 15.503)
      (14, 20, 91.651)
      (14, 22, 30.365)
      (15, 16,  8.923)
      (15, 19, 71.259)
      (15, 21, 93.624)
      (15, 23, 26.010)
      (16, 18, 67.480)
      (16, 21, 73.329)
      (17, 23,  0.424)
      (18, 20, 65.030)
      (18, 21, 37.178)
      (18, 23, 79.771)
      (20, 21,  7.824)
      (20, 22, 44.666)
      (21, 22, 46.038)
      (22, 24, 40.318)
      (23, 24, 42.583) } |E|=94 
---------------- 

** G9: |V|=25
(u, v, weight) E = { 
      ( 0,  1, 40.407)
      ( 0,  2, 54.527)
      ( 0,  3, 35.545)
      ( 0,  5, 65.098)
      ( 0,  7, 55.961)
      ( 0, 10, 13.080)
      ( 0, 19, 12.838)
      ( 0, 21, 59.114)
      ( 0, 22, 79.295)
      ( 0, 24, 44.983)
      ( 1,  4, 98.082)
      ( 1,  6, 72.155)
      ( 1,  8, 40.142)
      ( 1,  9, 79.815)
      ( 1, 14, 24.168)
      ( 1, 19, 70.543)
      ( 2,  3, 47.858)
      ( 2,  5, 66.267)
      ( 2,  6, 13.918)
      ( 2,  7, 95.700)
      ( 2,  8, 77.826)
      ( 2, 13, 89.602)
      ( 2, 14, 12.320)
      ( 2, 16, 64.395)
      ( 2, 19, 88.013)
      ( 2, 20, 69.012)
      ( 2, 22,  1.996)
      ( 2, 23, 42.432)
      ( 2, 24,  7.315)
      ( 3,  4,  0.525)
      ( 3,  6,  7.357)
      ( 3, 20, 57.573)
      ( 3, 21,  8.479)
      ( 3, 24, 95.859)
      ( 4,  5, 94.370)
      ( 4,  6, 74.921)
      ( 4,  9,  2.258)
      ( 4, 13, 24.906)
      ( 4, 21, 53.836)
      ( 4, 22, 16.196)
      ( 5, 10, 29.118)
      ( 5, 13, 87.788)
      ( 5, 14, 29.019)
      ( 5, 16,  2.708)
      ( 5, 19, 93.673)
      ( 5, 22, 92.712)
      ( 6,  9, 79.937)
      ( 6, 12, 84.949)
      ( 6, 13, 89.986)
      ( 6, 15, 94.799)
      ( 6, 16, 40.544)
      ( 6, 18, 15.059)
      ( 6, 22, 90.974)
      ( 7,  8, 14.305)
      ( 7, 11, 26.464)
      ( 7, 14, 38.830)
      ( 7, 15, 85.266)
      ( 7, 20, 89.827)
      ( 7, 22, 79.892)
      ( 8, 13, 60.719)
      ( 8, 15, 90.031)
      ( 8, 16, 24.896)
      ( 8, 17,  9.642)
      ( 8, 23,  6.067)
      ( 8, 24, 78.355)
      ( 9, 14, 20.366)
      ( 9, 18, 52.369)
      (10, 13, 46.901)
      (10, 15, 72.213)
      (10, 19, 16.325)
      (10, 22, 70.300)
      (11, 13, 62.026)
      (11, 15, 15.782)
      (11, 19, 77.101)
      (11, 21, 91.508)
      (11, 24,  0.438)
      (12, 13, 86.389)
      (12, 18, 85.320)
      (12, 19, 54.226)
      (12, 21, 44.816)
      (12, 23,  2.884)
      (13, 20, 95.538)
      (13, 21, 29.766)
      (14, 19, 97.197)
      (14, 20, 52.681)
      (14, 23, 23.531)
      (14, 24, 86.872)
      (15, 16, 51.283)
      (15, 17,  4.936)
      (15, 20, 92.790)
      (16, 22, 23.491)
      (16, 23, 57.459)
      (16, 24, 52.292)
      (17, 23, 11.308)
      (18, 19, 67.443)
      (18, 20, 73.756)
      (18, 22, 85.633)
      (19, 21,  7.072)
      (20, 23, 79.953)
      (21, 22, 90.778)
      (22, 24, 47.017) } |E|=101 
---------------- 

** G10: |V|=30
(u, v, weight) E = { 
      ( 0,  1, 95.392)
      ( 0,  2, 57.500)
      ( 0,  3, 34.799)
      ( 0,  5, 58.426)
      ( 0,  7,  5.068)
      ( 0,  9, 86.474)
      ( 0, 10, 19.227)
      ( 0, 11, 22.106)
      ( 0, 18, 69.374)
      ( 0, 19, 63.950)
      ( 0, 27, 50.796)
      ( 1,  8, 44.755)
      ( 1, 16, 47.566)
      ( 1, 28, 52.910)
      ( 2, 11, 20.893)
      ( 2, 12, 90.037)
      ( 2, 20, 97.999)
      ( 2, 22, 54.576)
      ( 3,  4, 45.080)
      ( 3,  5,  6.867)
      ( 3,  6, 80.936)
      ( 3, 12, 52.891)
      ( 3, 14, 10.647)
      ( 3, 15,  3.002)
      ( 3, 20, 11.146)
      ( 3, 24, 32.304)
      ( 4,  5, 44.102)
      ( 4, 12, 71.946)
      ( 4, 14, 96.765)
      ( 4, 15, 60.348)
      ( 4, 17, 89.388)
      ( 4, 19, 62.282)
      ( 4, 22, 28.646)
      ( 4, 23, 14.458)
      ( 4, 25, 74.628)
      ( 4, 26, 39.614)
      ( 4, 28, 77.268)
      ( 5,  6, 44.517)
      ( 5,  9, 62.224)
      ( 5, 10,  3.539)
      ( 5, 11,  0.522)
      ( 5, 13, 61.408)
      ( 5, 15, 64.687)
      ( 5, 18, 32.185)
      ( 5, 21, 56.099)
      ( 5, 27,  3.854)
      ( 5, 29, 66.478)
      ( 6,  8,  5.579)
      ( 6,  9, 98.838)
      ( 6, 12, 42.364)
      ( 6, 14, 89.626)
      ( 6, 15, 48.084)
      ( 6, 17, 89.090)
      ( 6, 20, 85.296)
      ( 6, 21, 72.779)
      ( 7,  8, 20.907)
      ( 7, 13, 43.183)
      ( 7, 14, 62.525)
      ( 7, 18, 56.207)
      ( 7, 21, 78.044)
      ( 7, 22,  3.196)
      ( 7, 23, 95.874)
      ( 7, 24, 97.717)
      ( 7, 26, 87.351)
      ( 7, 28, 40.995)
      ( 8, 12, 61.957)
      ( 8, 15, 10.158)
      ( 8, 16, 60.004)
      ( 8, 19,  9.181)
      ( 8, 21, 13.983)
      ( 8, 27, 34.443)
      ( 8, 28, 80.837)
      ( 9, 13, 43.317)
      ( 9, 15, 47.478)
      ( 9, 18, 89.979)
      ( 9, 20, 54.494)
      ( 9, 23, 25.635)
      ( 9, 25, 69.173)
      ( 9, 29, 76.214)
      (10, 18, 24.291)
      (10, 19, 46.411)
      (10, 20, 80.279)
      (10, 27,  6.205)
      (11, 12, 38.437)
      (11, 13, 18.699)
      (11, 15, 85.267)
      (11, 16, 17.827)
      (11, 20, 96.268)
      (11, 21, 32.503)
      (11, 23, 33.503)
      (12, 13, 46.910)
      (12, 14, 30.414)
      (12, 17, 38.468)
      (12, 18, 88.992)
      (12, 21, 24.405)
      (12, 24, 46.004)
      (12, 28, 99.678)
      (13, 19, 63.218)
      (13, 21, 89.384)
      (13, 24, 40.512)
      (13, 25, 35.805)
      (13, 27, 57.683)
      (13, 28, 18.187)
      (14, 17, 69.038)
      (14, 20, 32.993)
      (14, 23, 92.456)
      (14, 24,  8.891)
      (15, 16, 94.358)
      (15, 17, 36.062)
      (15, 22, 75.305)
      (15, 26,  9.328)
      (15, 28, 95.320)
      (15, 29, 60.148)
      (16, 17, 63.136)
      (16, 26, 91.092)
      (16, 27, 44.319)
      (16, 28, 54.848)
      (16, 29, 89.979)
      (17, 19, 79.616)
      (17, 21, 22.922)
      (17, 22, 48.109)
      (17, 28,  0.122)
      (17, 29, 70.070)
      (18, 24, 25.453)
      (19, 29, 78.655)
      (20, 24, 14.947)
      (20, 25, 91.068)
      (20, 26, 36.951)
      (20, 28, 17.858)
      (20, 29, 67.259)
      (21, 24, 66.203)
      (21, 27, 15.264)
      (21, 28, 31.512)
      (21, 29, 46.857)
      (22, 25, 54.644)
      (23, 24, 50.697)
      (23, 28, 23.919)
      (24, 28, 39.506)
      (25, 26, 67.846)
      (25, 27, 84.112)
      (26, 27, 65.803)
      (26, 29, 66.130)
      (27, 29, 45.916)
      (28, 29, 99.907) } |E|=144 
---------------- 

** G11: |V|=30
(u, v, weight) E = { 
      ( 0,  1, 68.290)
      ( 0,  2, 97.503)
      ( 0,  4, 17.023)
      ( 0,  6, 32.839)
      ( 0,  8, 98.851)
      ( 0, 19, 80.460)
      ( 0, 27, 61.673)
      ( 0, 29, 64.152)
      ( 1,  9, 25.045)
      ( 1, 10, 67.051)
      ( 1, 12, 61.171)
      ( 1, 13, 13.825)
      ( 1, 21, 82.527)
      ( 1, 22, 77.569)
      ( 1, 27, 21.664)
      ( 2,  3, 57.279)
      ( 2,  6, 95.154)
      ( 2,  7, 13.790)
      ( 2,  8, 41.470)
      ( 2, 13, 28.750)
      ( 2, 18, 33.763)
      ( 2, 19, 41.969)
      ( 2, 26, 89.712)
      ( 2, 28, 23.162)
      ( 3,  7, 48.225)
      ( 3, 10, 21.778)
      ( 3, 11, 62.023)
      ( 3, 12, 14.829)
      ( 3, 14, 91.824)
      ( 3, 17, 30.216)
      ( 3, 18, 22.320)
      ( 3, 22,  8.532)
      ( 3, 24, 16.048)
      ( 3, 26,  7.299)
      ( 3, 28, 56.699)
      ( 3, 29, 10.087)
      ( 4,  5, 65.605)
      ( 4,  7, 13.784)
      ( 4, 10, 72.971)
      ( 4, 13, 29.253)
      ( 4, 14, 75.744)
      ( 4, 17, 83.945)
      ( 4, 21, 96.983)
      ( 4, 24, 65.637)
      ( 4, 26,  3.533)
      ( 5,  9, 96.896)
      ( 5, 10, 61.710)
      ( 5, 12, 14.711)
      ( 5, 17, 46.811)
      ( 5, 18, 50.592)
      ( 5, 21, 16.483)
      ( 5, 27, 38.703)
      ( 6,  9, 52.697)
      ( 6, 10, 73.336)
      ( 6, 12, 23.270)
      ( 6, 16, 11.704)
      ( 6, 27, 12.626)
      ( 6, 29, 20.006)
      ( 7, 10, 38.115)
      ( 7, 14, 82.881)
      ( 7, 15, 20.221)
      ( 7, 24, 57.362)
      ( 7, 26,  3.602)
      ( 7, 28, 73.813)
      ( 7, 29, 54.712)
      ( 8, 11, 67.271)
      ( 8, 12, 38.781)
      ( 8, 14, 36.788)
      ( 8, 16, 84.587)
      ( 8, 23,  8.339)
      ( 8, 24, 50.869)
      ( 8, 29, 87.309)
      ( 9, 15, 48.428)
      ( 9, 16, 96.822)
      ( 9, 18, 85.634)
      ( 9, 20, 14.114)
      ( 9, 21, 52.330)
      ( 9, 23, 17.251)
      (10, 17,  6.393)
      (10, 21, 46.051)
      (10, 24, 74.233)
      (10, 26, 36.012)
      (11, 12,  8.480)
      (11, 13, 70.195)
      (11, 20, 12.179)
      (11, 26, 16.322)
      (11, 28, 25.673)
      (12, 15, 90.646)
      (12, 17, 13.091)
      (12, 21, 43.990)
      (12, 23,  7.278)
      (12, 25, 46.592)
      (13, 18, 66.988)
      (13, 20, 99.017)
      (13, 23, 97.358)
      (13, 25, 24.504)
      (13, 29, 68.539)
      (14, 16, 75.146)
      (14, 22, 63.648)
      (15, 21, 48.743)
      (15, 22, 44.826)
      (15, 25, 56.480)
      (16, 21, 20.134)
      (16, 23, 27.115)
      (16, 25, 39.466)
      (16, 26, 69.954)
      (16, 28, 49.582)
      (17, 20, 43.882)
      (17, 26, 24.580)
      (18, 23, 38.283)
      (18, 26, 81.180)
      (19, 25, 41.307)
      (19, 27, 79.346)
      (19, 29, 68.263)
      (20, 24, 70.838)
      (20, 28, 20.828)
      (21, 24, 14.641)
      (21, 26, 32.651)
      (21, 27, 38.991)
      (21, 28, 72.509)
      (21, 29, 44.921)
      (23, 28, 99.590)
      (25, 27, 66.809)
      (25, 29, 95.424)
      (26, 27, 14.265)
      (26, 28, 15.225)
      (28, 29,  9.354) } |E|=127 
---------------- 

** G12: |V|=35
(u, v, weight) E = { 
      ( 0,  1,  2.529)
      ( 0,  3, 61.582)
      ( 0,  5, 59.576)
      ( 0,  9, 59.323)
      ( 0, 10, 75.673)
      ( 0, 11,  9.239)
      ( 0, 13, 90.652)
      ( 0, 21, 28.121)
      ( 0, 23, 17.412)
      ( 0, 31,  6.730)
      ( 0, 32, 90.361)
      ( 0, 34, 92.614)
      ( 1,  2, 61.479)
      ( 1,  7, 72.924)
      ( 1, 11, 20.416)
      ( 1, 12, 48.568)
      ( 1, 18, 65.718)
      ( 1, 19, 74.146)
      ( 1, 24, 76.624)
      ( 1, 25, 87.160)
      ( 1, 30, 16.319)
      ( 1, 32, 48.135)
      ( 1, 33, 79.683)
      ( 1, 34, 48.498)
      ( 2,  7,  3.677)
      ( 2, 17, 62.859)
      ( 2, 18, 89.518)
      ( 2, 20, 85.409)
      ( 2, 21, 68.023)
      ( 2, 22, 50.300)
      ( 2, 25, 68.623)
      ( 3,  4, 41.259)
      ( 3,  6, 88.560)
      ( 3,  8, 79.951)
      ( 3, 13, 78.646)
      ( 3, 14, 51.855)
      ( 3, 18, 42.695)
      ( 3, 21, 98.944)
      ( 3, 23, 51.711)
      ( 3, 24, 97.675)
      ( 3, 26, 75.566)
      ( 3, 27,  5.325)
      ( 3, 28, 40.585)
      ( 3, 33, 95.308)
      ( 3, 34, 95.098)
      ( 4,  9, 33.369)
      ( 4, 13, 63.816)
      ( 4, 15, 16.702)
      ( 4, 17,  1.498)
      ( 4, 19, 70.743)
      ( 4, 21, 41.360)
      ( 4, 25, 40.747)
      ( 4, 26, 22.295)
      ( 4, 30,  3.791)
      ( 4, 32, 68.864)
      ( 5,  7, 97.984)
      ( 5,  9,  4.875)
      ( 5, 11, 84.793)
      ( 5, 17, 69.934)
      ( 5, 18, 85.061)
      ( 5, 25, 75.774)
      ( 5, 26,  8.740)
      ( 5, 31, 85.972)
      ( 6,  7, 20.841)
      ( 6,  9, 45.634)
      ( 6, 12, 39.582)
      ( 6, 16, 58.791)
      ( 6, 17, 61.647)
      ( 6, 19, 38.328)
      ( 6, 21, 28.837)
      ( 6, 23, 36.296)
      ( 6, 31, 63.302)
      ( 7, 14, 30.668)
      ( 7, 15, 15.425)
      ( 7, 16, 42.750)
      ( 7, 24, 15.125)
      ( 7, 29, 86.379)
      ( 7, 30, 65.546)
      ( 8, 14, 46.625)
      ( 8, 16, 57.933)
      ( 8, 23, 60.359)
      ( 8, 27, 61.433)
      ( 8, 29, 62.153)
      ( 8, 34,  0.331)
      ( 9, 10, 52.199)
      ( 9, 11, 74.088)
      ( 9, 15,  7.996)
      ( 9, 20,  9.560)
      ( 9, 23, 50.521)
      ( 9, 25,  4.110)
      ( 9, 26, 45.625)
      ( 9, 28, 69.151)
      (10, 11, 81.491)
      (10, 16, 58.206)
      (10, 18, 28.264)
      (10, 19, 35.149)
      (10, 26, 92.601)
      (10, 27, 97.183)
      (10, 31,  9.533)
      (10, 33, 68.832)
      (11, 14, 55.599)
      (11, 17, 74.588)
      (11, 19, 94.645)
      (11, 21, 16.961)
      (11, 23, 10.077)
      (11, 24, 31.350)
      (11, 28, 93.270)
      (11, 30, 28.411)
      (11, 31, 27.123)
      (11, 34, 77.469)
      (12, 18, 78.818)
      (12, 20, 41.487)
      (12, 23, 49.066)
      (12, 24, 13.258)
      (12, 29, 59.991)
      (12, 30, 93.127)
      (12, 31,  1.191)
      (12, 32,  1.777)
      (12, 34, 20.102)
      (13, 14, 10.647)
      (13, 17, 49.664)
      (13, 18, 33.777)
      (13, 22, 15.813)
      (13, 27, 23.425)
      (14, 17, 33.961)
      (14, 26,  7.707)
      (14, 27, 34.365)
      (14, 28, 96.003)
      (14, 30, 72.623)
      (14, 31, 57.749)
      (14, 33, 60.680)
      (15, 19, 69.520)
      (15, 21, 56.123)
      (15, 24, 62.403)
      (15, 28, 47.412)
      (15, 31, 36.627)
      (15, 32, 64.289)
      (16, 17, 99.701)
      (16, 18,  4.157)
      (16, 21, 62.393)
      (16, 24, 21.088)
      (16, 25, 15.827)
      (16, 26, 55.436)
      (16, 27, 69.926)
      (16, 32, 21.394)
      (16, 33, 72.223)
      (17, 20, 23.473)
      (17, 28,  6.908)
      (17, 31, 93.918)
      (17, 34, 36.145)
      (18, 29, 14.612)
      (18, 30, 80.389)
      (18, 31, 98.407)
      (18, 32, 78.999)
      (18, 34, 65.581)
      (19, 21, 94.140)
      (19, 22, 13.392)
      (19, 27, 25.687)
      (19, 29, 62.473)
      (19, 33, 85.709)
      (20, 23, 58.018)
      (20, 30, 24.915)
      (21, 22, 59.869)
      (21, 24, 57.652)
      (21, 29, 87.904)
      (21, 32, 41.759)
      (22, 26, 67.279)
      (22, 27, 85.810)
      (22, 29, 86.777)
      (22, 30, 67.870)
      (22, 33, 51.731)
      (23, 28, 66.765)
      (23, 29, 12.503)
      (23, 30, 85.463)
      (24, 28, 50.166)
      (25, 26, 19.797)
      (25, 27, 20.311)
      (25, 31, 85.509)
      (25, 33, 62.899)
      (25, 34,  8.733)
      (26, 28, 82.034)
      (26, 29, 56.373)
      (26, 33, 54.630)
      (27, 28,  4.235)
      (27, 30, 75.305)
      (30, 34, 16.609)
      (31, 33, 26.201)
      (32, 33, 84.777)
      (33, 34, 93.488) } |E|=189 
---------------- 

** G13: |V|=35
(u, v, weight) E = { 
      ( 0,  1,  2.113)
      ( 0,  2, 53.989)
      ( 0,  4,  1.888)
      ( 0,  5, 69.850)
      ( 0,  8, 84.705)
      ( 0,  9, 47.091)
      ( 0, 12, 42.421)
      ( 0, 21, 53.988)
      ( 0, 22, 60.683)
      ( 0, 23, 65.716)
      ( 0, 24, 99.417)
      ( 0, 25, 40.601)
      ( 0, 26, 86.525)
      ( 0, 27, 31.016)
      ( 0, 31, 55.190)
      ( 1,  3, 14.120)
      ( 1,  4, 43.512)
      ( 1,  7, 47.462)
      ( 1,  8, 17.379)
      ( 1, 10, 40.703)
      ( 1, 13, 88.354)
      ( 1, 14, 88.968)
      ( 1, 16, 95.427)
      ( 1, 19, 78.065)
      ( 1, 27, 47.239)
      ( 1, 34, 62.020)
      ( 2,  9, 52.797)
      ( 2, 10, 77.201)
      ( 2, 12, 77.723)
      ( 2, 14, 45.144)
      ( 2, 15, 10.991)
      ( 2, 17, 49.232)
      ( 2, 19, 59.356)
      ( 2, 21, 87.003)
      ( 2, 24, 84.892)
      ( 2, 28, 15.119)
      ( 2, 29, 65.699)
      ( 2, 32,  5.058)
      ( 3, 12, 45.244)
      ( 3, 13, 34.905)
      ( 3, 17, 55.534)
      ( 3, 19, 91.660)
      ( 3, 33, 46.163)
      ( 4,  6, 91.899)
      ( 4, 15, 37.032)
      ( 4, 20, 84.539)
      ( 5,  9, 52.812)
      ( 5, 10, 48.414)
      ( 5, 12, 42.780)
      ( 5, 15, 18.808)
      ( 5, 17, 76.333)
      ( 5, 24,  7.386)
      ( 5, 25, 44.000)
      ( 5, 26, 60.884)
      ( 5, 28, 30.472)
      ( 5, 31, 65.168)
      ( 6,  8, 66.783)
      ( 6,  9, 79.946)
      ( 6, 20, 90.270)
      ( 6, 21, 59.888)
      ( 6, 28, 37.181)
      ( 6, 29, 51.185)
      ( 6, 31, 33.631)
      ( 7, 10, 53.801)
      ( 7, 11, 80.931)
      ( 7, 21, 56.124)
      ( 7, 27, 99.771)
      ( 7, 33, 15.773)
      ( 7, 34, 84.688)
      ( 8, 16, 10.355)
      ( 8, 22,  5.432)
      ( 8, 30, 14.262)
      ( 9, 12, 29.863)
      ( 9, 28, 91.227)
      (10, 11, 89.840)
      (10, 12, 44.262)
      (10, 14, 63.262)
      (10, 16, 82.854)
      (10, 18, 81.824)
      (10, 26, 77.703)
      (10, 31,  1.914)
      (10, 34, 13.573)
      (11, 13,  9.849)
      (11, 18, 59.115)
      (11, 19,  0.715)
      (11, 20, 27.688)
      (11, 21, 82.273)
      (11, 28, 16.365)
      (11, 31, 36.948)
      (11, 32, 63.419)
      (12, 14, 55.896)
      (12, 19, 33.222)
      (12, 24, 58.848)
      (12, 25, 93.070)
      (12, 28, 56.082)
      (12, 30, 87.157)
      (12, 31, 25.469)
      (13, 26, 14.340)
      (13, 30, 53.258)
      (13, 31, 81.246)
      (13, 32, 20.906)
      (13, 33, 23.894)
      (13, 34, 44.213)
      (14, 19,  6.001)
      (14, 22,  4.403)
      (14, 23, 49.935)
      (14, 28, 72.680)
      (14, 29, 90.947)
      (15, 18, 47.196)
      (15, 25, 11.385)
      (15, 31, 30.071)
      (16, 25, 49.478)
      (16, 26, 62.494)
      (16, 31, 11.416)
      (16, 32, 66.001)
      (16, 33, 74.210)
      (17, 26, 44.835)
      (17, 27, 43.793)
      (18, 25, 31.407)
      (18, 26, 28.494)
      (18, 27, 59.515)
      (18, 31, 50.984)
      (18, 32, 71.239)
      (19, 23, 96.588)
      (19, 25, 62.838)
      (19, 34, 82.117)
      (20, 21, 12.771)
      (20, 24, 11.516)
      (20, 28, 28.273)
      (21, 24, 33.884)
      (21, 32, 38.574)
      (22, 29, 89.080)
      (22, 30, 59.023)
      (22, 32,  3.179)
      (22, 33, 37.176)
      (22, 34,  8.665)
      (23, 26, 42.389)
      (23, 30, 77.748)
      (24, 28, 75.557)
      (24, 30, 17.317)
      (24, 32, 53.403)
      (25, 31,  4.421)
      (25, 32, 42.751)
      (25, 33, 77.163)
      (26, 31, 75.185)
      (27, 31, 91.751)
      (27, 32, 20.201)
      (28, 32, 61.282)
      (28, 34, 69.700)
      (29, 31, 25.187)
      (29, 32,  2.803)
      (30, 32, 36.942)
      (31, 33,  4.580)
      (32, 33, 71.440) } |E|=154 
---------------- 

** G14: |V|=40
(u, v, weight) E = { 
      ( 0,  1, 77.943)
      ( 0,  2, 60.202)
      ( 0,  3, 42.735)
      ( 0,  7, 60.022)
      ( 0, 12, 20.075)
      ( 0, 13, 94.527)
      ( 0, 16, 16.334)
      ( 0, 24, 31.405)
      ( 0, 25, 96.695)
      ( 0, 30, 49.266)
      ( 0, 32, 43.761)
      ( 0, 34,  6.612)
      ( 0, 37, 35.039)
      ( 0, 38, 83.256)
      ( 1,  4, 98.159)
      ( 1,  9, 97.880)
      ( 1, 14, 85.477)
      ( 1, 15,  6.637)
      ( 1, 19, 44.597)
      ( 1, 21, 51.481)
      ( 1, 24,  3.361)
      ( 1, 27, 13.847)
      ( 1, 32, 67.425)
      ( 1, 35, 24.547)
      ( 1, 37, 17.134)
      ( 1, 39, 56.298)
      ( 2,  4, 18.697)
      ( 2,  5, 90.279)
      ( 2,  6, 43.840)
      ( 2,  9, 96.420)
      ( 2, 14, 58.899)
      ( 2, 15, 12.974)
      ( 2, 18, 81.950)
      ( 2, 23,  7.939)
      ( 2, 25, 20.570)
      ( 2, 30, 94.888)
      ( 2, 32, 24.265)
      ( 2, 37,  9.742)
      ( 3,  5, 14.909)
      ( 3, 13, 42.132)
      ( 3, 16, 52.951)
      ( 3, 17, 94.600)
      ( 3, 18, 88.079)
      ( 3, 19, 59.695)
      ( 3, 20, 70.200)
      ( 3, 22, 36.852)
      ( 3, 25, 87.191)
      ( 3, 29, 29.145)
      ( 3, 31, 39.045)
      ( 3, 32, 90.230)
      ( 3, 36, 40.911)
      ( 3, 37, 94.195)
      ( 3, 38,  6.145)
      ( 3, 39, 30.124)
      ( 4,  5, 60.280)
      ( 4,  8, 31.551)
      ( 4, 10, 37.617)
      ( 4, 14, 33.386)
      ( 4, 16, 79.652)
      ( 4, 17, 25.164)
      ( 4, 18, 61.286)
      ( 4, 24, 95.742)
      ( 4, 26, 50.889)
      ( 4, 32, 60.938)
      ( 4, 34, 39.330)
      ( 4, 35, 87.256)
      ( 4, 38, 60.498)
      ( 5,  6, 89.259)
      ( 5, 13, 74.638)
      ( 5, 14, 51.654)
      ( 5, 15, 32.453)
      ( 5, 17, 13.369)
      ( 5, 24, 96.881)
      ( 5, 26, 27.672)
      ( 5, 28, 21.057)
      ( 5, 29, 95.072)
      ( 5, 30, 91.665)
      ( 5, 32, 71.962)
      ( 5, 37, 16.924)
      ( 6,  7, 91.333)
      ( 6, 12, 13.864)
      ( 6, 14, 75.330)
      ( 6, 22, 64.435)
      ( 6, 24, 54.898)
      ( 6, 26, 88.208)
      ( 6, 30, 64.461)
      ( 6, 31, 89.706)
      ( 6, 33, 52.770)
      ( 6, 35, 33.959)
      ( 7, 18, 57.800)
      ( 7, 19, 22.347)
      ( 7, 23, 10.110)
      ( 7, 26, 98.014)
      ( 7, 27, 90.006)
      ( 7, 28, 25.788)
      ( 7, 32, 99.466)
      ( 7, 36, 28.723)
      ( 7, 37, 21.589)
      ( 8, 10,  7.334)
      ( 8, 11,  4.575)
      ( 8, 16, 71.161)
      ( 8, 21, 30.272)
      ( 8, 27,  2.139)
      ( 8, 35, 63.619)
      ( 8, 39, 43.870)
      ( 9, 12, 96.897)
      ( 9, 28,  8.419)
      ( 9, 30, 34.766)
      ( 9, 32, 71.362)
      ( 9, 39,  1.456)
      (10, 13,  1.454)
      (10, 15, 60.892)
      (10, 19,  6.593)
      (10, 20, 68.462)
      (10, 21, 70.191)
      (10, 24, 14.287)
      (10, 28, 61.498)
      (10, 31, 13.797)
      (10, 36,  0.006)
      (11, 13, 38.487)
      (11, 15, 32.110)
      (11, 16, 20.841)
      (11, 19, 15.307)
      (11, 20, 43.821)
      (11, 21, 89.600)
      (11, 22, 86.454)
      (11, 23, 17.342)
      (11, 24,  7.776)
      (11, 27, 51.479)
      (11, 31, 33.234)
      (11, 32, 46.189)
      (11, 33, 71.207)
      (11, 36, 14.703)
      (12, 13,  1.942)
      (12, 15, 61.429)
      (12, 21,  0.774)
      (12, 31, 84.870)
      (12, 32, 58.833)
      (12, 34, 69.390)
      (12, 36,  5.392)
      (13, 15, 54.990)
      (13, 16, 36.352)
      (13, 28, 86.719)
      (13, 29,  5.250)
      (13, 30, 55.054)
      (13, 32, 36.508)
      (13, 33, 63.899)
      (13, 34, 45.306)
      (13, 35, 37.397)
      (13, 36, 36.582)
      (13, 38, 97.769)
      (13, 39,  8.076)
      (14, 17,  1.702)
      (14, 18, 49.336)
      (14, 27, 29.422)
      (14, 29, 48.177)
      (14, 30, 19.432)
      (14, 31, 14.328)
      (14, 34, 29.025)
      (14, 38, 67.065)
      (15, 22, 17.851)
      (15, 23,  3.791)
      (15, 26,  4.585)
      (15, 27, 27.497)
      (15, 28, 19.578)
      (15, 30, 92.509)
      (15, 32, 80.066)
      (15, 33, 52.678)
      (15, 37, 16.790)
      (16, 18,  6.756)
      (16, 20, 80.489)
      (16, 22, 38.994)
      (16, 33, 68.210)
      (16, 34, 59.592)
      (16, 35, 72.354)
      (16, 36, 84.109)
      (17, 22, 30.968)
      (17, 30, 91.240)
      (17, 32, 67.949)
      (17, 39, 78.015)
      (18, 19, 83.962)
      (18, 21, 29.174)
      (18, 27, 95.737)
      (18, 31,  8.717)
      (18, 33, 63.585)
      (18, 38, 66.984)
      (19, 23, 86.308)
      (19, 27,  1.526)
      (19, 30, 67.755)
      (19, 31, 31.516)
      (19, 32, 24.089)
      (19, 34,  2.698)
      (20, 25, 60.033)
      (20, 26, 96.430)
      (20, 29, 35.587)
      (20, 31, 33.445)
      (21, 24, 77.258)
      (21, 25, 99.547)
      (21, 34, 34.204)
      (21, 36, 38.850)
      (21, 38, 76.258)
      (22, 24, 23.636)
      (22, 29,  4.798)
      (22, 33,  6.208)
      (22, 34, 61.820)
      (22, 35, 59.423)
      (23, 25, 99.757)
      (23, 26, 28.381)
      (23, 31,  7.033)
      (23, 32, 76.084)
      (23, 37, 47.280)
      (23, 39, 59.940)
      (24, 28, 63.369)
      (24, 29, 52.545)
      (24, 33, 80.868)
      (24, 34, 79.221)
      (24, 35, 35.322)
      (25, 32,  7.769)
      (25, 33, 39.231)
      (25, 35, 69.864)
      (25, 36, 27.539)
      (25, 37, 16.429)
      (26, 27, 68.960)
      (26, 28,  8.356)
      (26, 32, 76.875)
      (26, 34, 55.815)
      (26, 35, 23.850)
      (26, 36, 15.549)
      (26, 37, 11.260)
      (27, 33, 80.262)
      (28, 33, 69.511)
      (28, 36, 86.260)
      (28, 39, 10.352)
      (29, 30, 72.942)
      (29, 31, 92.831)
      (29, 32, 31.911)
      (29, 34, 77.170)
      (30, 34, 87.155)
      (30, 36, 43.176)
      (30, 39,  0.840)
      (32, 33,  1.949)
      (32, 36, 41.967)
      (32, 37, 77.860)
      (32, 39, 97.208)
      (33, 34, 12.587)
      (33, 39, 76.703)
      (37, 38, 63.040)
      (38, 39, 10.990) } |E|=248 
---------------- 

** G15: |V|=40
(u, v, weight) E = { 
      ( 0,  1, 54.923)
      ( 0,  4, 46.982)
      ( 0,  6, 91.771)
      ( 0,  8, 88.476)
      ( 0, 12, 74.549)
      ( 0, 18, 58.035)
      ( 0, 21, 52.082)
      ( 0, 28, 20.372)
      ( 0, 33, 86.384)
      ( 0, 34, 50.249)
      ( 0, 36, 70.892)
      ( 1,  2, 17.853)
      ( 1,  6, 80.760)
      ( 1,  7, 34.141)
      ( 1, 16,  3.807)
      ( 1, 17, 40.736)
      ( 1, 19, 82.104)
      ( 1, 21,  9.650)
      ( 1, 22,  7.563)
      ( 1, 24, 72.912)
      ( 1, 26, 85.834)
      ( 1, 27, 58.957)
      ( 1, 31, 47.251)
      ( 1, 34, 79.002)
      ( 1, 35, 22.037)
      ( 1, 39, 66.128)
      ( 2,  3, 92.426)
      ( 2,  5, 15.363)
      ( 2,  7, 15.808)
      ( 2,  9, 63.263)
      ( 2, 14, 19.327)
      ( 2, 20, 13.324)
      ( 2, 22, 91.663)
      ( 2, 23,  0.646)
      ( 2, 32, 46.298)
      ( 2, 34, 95.712)
      ( 2, 36, 74.825)
      ( 3,  6, 58.644)
      ( 3,  8, 74.634)
      ( 3, 12, 16.723)
      ( 3, 23, 60.565)
      ( 3, 27, 29.925)
      ( 3, 29, 96.826)
      ( 3, 37, 31.257)
      ( 3, 38, 74.400)
      ( 3, 39, 81.727)
      ( 4,  9, 15.515)
      ( 4, 12,  5.678)
      ( 4, 18, 38.005)
      ( 4, 21, 82.350)
      ( 4, 22, 30.596)
      ( 4, 32, 64.318)
      ( 4, 36, 65.177)
      ( 4, 39, 24.983)
      ( 5,  7, 72.294)
      ( 5,  9, 82.024)
      ( 5, 16, 18.856)
      ( 5, 18, 14.630)
      ( 5, 24, 80.233)
      ( 5, 26, 67.527)
      ( 5, 28, 77.513)
      ( 5, 32, 65.731)
      ( 5, 33, 73.258)
      ( 5, 35,  1.292)
      ( 6,  7, 13.265)
      ( 6,  8, 46.669)
      ( 6,  9,  3.140)
      ( 6, 10, 34.346)
      ( 6, 11, 20.828)
      ( 6, 13, 44.938)
      ( 6, 14, 71.336)
      ( 6, 15, 36.613)
      ( 6, 17, 12.144)
      ( 6, 19, 99.944)
      ( 6, 20, 45.505)
      ( 6, 24,  6.347)
      ( 6, 28, 70.649)
      ( 6, 31, 24.689)
      ( 6, 33, 50.902)
      ( 6, 34, 88.981)
      ( 6, 35, 39.861)
      ( 6, 37, 76.946)
      ( 7, 10, 80.080)
      ( 7, 16, 45.029)
      ( 7, 19, 60.194)
      ( 7, 25, 87.468)
      ( 7, 26, 46.957)
      ( 7, 28, 42.910)
      ( 7, 29, 13.614)
      ( 7, 34,  9.404)
      ( 7, 35, 12.951)
      ( 8, 11, 81.060)
      ( 8, 12, 22.769)
      ( 8, 14, 72.270)
      ( 8, 15, 93.344)
      ( 8, 17, 96.023)
      ( 8, 18, 93.992)
      ( 8, 19, 47.796)
      ( 8, 39, 22.694)
      ( 9, 10, 12.460)
      ( 9, 11, 52.865)
      ( 9, 15, 36.000)
      ( 9, 16, 18.852)
      ( 9, 17, 47.156)
      ( 9, 20, 67.628)
      ( 9, 28,  4.680)
      ( 9, 29, 42.820)
      ( 9, 31, 56.537)
      (10, 12, 38.284)
      (10, 18, 69.214)
      (10, 21, 69.094)
      (10, 26, 55.533)
      (10, 31, 16.881)
      (10, 39,  6.534)
      (11, 13, 28.764)
      (11, 17, 96.424)
      (11, 18, 85.709)
      (11, 21, 46.430)
      (11, 27, 43.306)
      (11, 28, 52.008)
      (11, 31, 47.877)
      (11, 32,  8.906)
      (11, 33, 40.344)
      (11, 38, 47.066)
      (12, 13, 80.091)
      (12, 15, 12.830)
      (12, 19, 42.420)
      (12, 27, 73.052)
      (12, 28, 83.095)
      (12, 30, 32.796)
      (12, 32, 29.476)
      (13, 15, 14.182)
      (13, 17, 40.111)
      (13, 18,  6.552)
      (13, 26, 39.113)
      (13, 27, 15.724)
      (13, 32, 33.601)
      (13, 34, 38.364)
      (13, 35, 64.768)
      (14, 19, 42.605)
      (14, 20, 38.201)
      (14, 21, 41.769)
      (14, 30,  7.518)
      (14, 34, 78.159)
      (15, 16,  3.201)
      (15, 17, 30.636)
      (15, 22, 72.485)
      (15, 25, 11.875)
      (15, 26, 39.458)
      (15, 27, 29.614)
      (15, 28,  9.043)
      (15, 30, 71.071)
      (15, 32, 61.900)
      (15, 37, 41.563)
      (15, 38, 55.724)
      (15, 39, 87.825)
      (16, 19, 67.120)
      (16, 20, 68.684)
      (16, 34, 12.616)
      (16, 37, 79.462)
      (16, 38, 95.700)
      (17, 20, 58.342)
      (17, 24, 19.981)
      (17, 26, 88.028)
      (17, 27, 90.260)
      (17, 29, 45.698)
      (17, 32, 70.455)
      (18, 22, 81.566)
      (18, 27, 37.919)
      (18, 28, 58.201)
      (18, 30, 88.115)
      (18, 33, 63.444)
      (19, 22,  8.018)
      (19, 23,  6.699)
      (19, 25, 49.899)
      (19, 39, 40.747)
      (20, 21, 24.000)
      (20, 22, 94.163)
      (20, 25,  1.282)
      (20, 28, 33.552)
      (20, 30, 29.491)
      (20, 31, 88.557)
      (20, 33, 49.345)
      (20, 34,  5.150)
      (21, 22, 27.970)
      (21, 28, 30.207)
      (21, 31, 19.453)
      (21, 32, 30.685)
      (21, 33, 12.970)
      (21, 34, 77.067)
      (21, 35, 91.380)
      (21, 37, 99.156)
      (22, 23, 35.405)
      (22, 24, 27.598)
      (22, 28, 76.853)
      (22, 36, 95.984)
      (23, 25, 31.777)
      (23, 28, 35.754)
      (23, 29,  9.579)
      (23, 31, 92.797)
      (23, 39,  5.490)
      (24, 28, 31.479)
      (24, 29, 52.075)
      (24, 30, 73.847)
      (24, 32, 16.176)
      (24, 34, 29.889)
      (24, 35, 62.658)
      (24, 37, 99.464)
      (24, 39, 67.151)
      (25, 30,  4.841)
      (25, 31, 76.210)
      (25, 32,  7.627)
      (25, 33, 91.886)
      (25, 35, 14.103)
      (25, 37, 37.369)
      (26, 27,  4.436)
      (26, 28,  4.676)
      (26, 29, 82.079)
      (26, 34, 69.868)
      (26, 35, 80.048)
      (27, 29, 34.480)
      (27, 31, 10.048)
      (27, 32, 82.309)
      (27, 38, 18.858)
      (27, 39, 12.179)
      (28, 35, 50.242)
      (28, 36, 54.002)
      (28, 39, 80.061)
      (29, 31, 38.202)
      (29, 33, 37.755)
      (29, 35, 36.898)
      (29, 38, 19.128)
      (29, 39, 57.458)
      (30, 31, 90.144)
      (30, 32, 83.758)
      (30, 35,  9.172)
      (31, 33, 93.536)
      (31, 34, 64.581)
      (31, 35, 75.894)
      (32, 37, 65.587)
      (32, 38, 18.840)
      (33, 36, 41.241)
      (33, 37, 46.480)
      (33, 38, 66.737)
      (34, 37, 73.484)
      (34, 38, 22.197)
      (35, 36, 83.423)
      (35, 38, 97.453)
      (36, 38, 89.606)
      (37, 38, 75.383)
      (37, 39, 64.925) } |E|=251 
---------------- 

** G16: |V|=45
(u, v, weight) E = { 
      ( 0,  1, 12.790)
      ( 0,  3, 31.448)
      ( 0,  4, 20.281)
      ( 0,  5, 85.866)
      ( 0,  7, 30.580)
      ( 0, 10, 53.304)
      ( 0, 14,  7.093)
      ( 0, 15, 64.483)
      ( 0, 17, 54.136)
      ( 0, 18, 29.076)
      ( 0, 19, 47.270)
      ( 0, 23, 31.435)
      ( 0, 25, 86.568)
      ( 0, 38, 73.321)
      ( 0, 39, 75.580)
      ( 0, 44, 33.258)
      ( 1,  2, 45.747)
      ( 1,  4, 66.686)
      ( 1,  5,  1.686)
      ( 1, 13, 64.643)
      ( 1, 14, 31.911)
      ( 1, 17, 77.418)
      ( 1, 22, 27.605)
      ( 1, 23, 17.683)
      ( 1, 27, 72.046)
      ( 1, 31, 96.594)
      ( 1, 37, 26.125)
      ( 1, 41, 37.512)
      ( 1, 42, 77.296)
      ( 2,  4, 43.593)
      ( 2,  9, 80.241)
      ( 2, 11, 54.479)
      ( 2, 13, 15.613)
      ( 2, 14, 71.544)
      ( 2, 16,  7.663)
      ( 2, 23, 98.108)
      ( 2, 25, 12.722)
      ( 2, 38, 60.452)
      ( 2, 40, 96.784)
      ( 2, 44, 21.299)
      ( 3, 10, 86.636)
      ( 3, 11, 93.876)
      ( 3, 16,  9.879)
      ( 3, 19, 62.725)
      ( 3, 20, 67.519)
      ( 3, 22, 27.249)
      ( 3, 36, 70.587)
      ( 3, 40, 61.605)
      ( 3, 42,  8.686)
      ( 3, 44, 84.936)
      ( 4,  9, 71.759)
      ( 4, 14,  9.673)
      ( 4, 15, 50.977)
      ( 4, 18, 48.675)
      ( 4, 23, 93.227)
      ( 4, 25, 59.439)
      ( 4, 29, 36.799)
      ( 4, 38, 94.976)
      ( 4, 43, 34.673)
      ( 5,  6, 20.962)
      ( 5, 11, 57.453)
      ( 5, 12, 96.712)
      ( 5, 13, 88.657)
      ( 5, 15,  3.917)
      ( 5, 21, 28.656)
      ( 5, 23, 85.708)
      ( 5, 25,  4.196)
      ( 5, 30, 29.936)
      ( 5, 36, 79.516)
      ( 5, 38, 71.985)
      ( 5, 39, 69.435)
      ( 6,  7, 88.693)
      ( 6,  8, 34.646)
      ( 6,  9, 41.765)
      ( 6, 10, 53.332)
      ( 6, 21, 13.852)
      ( 6, 26, 26.709)
      ( 6, 31, 65.253)
      ( 6, 32,  0.260)
      ( 6, 33, 35.335)
      ( 6, 39,  5.701)
      ( 6, 42, 74.811)
      ( 7, 13, 75.161)
      ( 7, 16, 64.525)
      ( 7, 19,  1.829)
      ( 7, 20, 57.384)
      ( 7, 22, 75.662)
      ( 7, 24, 44.114)
      ( 7, 29, 18.119)
      ( 7, 33,  4.041)
      ( 7, 37, 38.112)
      ( 7, 40, 82.343)
      ( 7, 41,  4.238)
      ( 7, 43, 56.058)
      ( 7, 44, 19.768)
      ( 8, 10, 68.910)
      ( 8, 15, 75.019)
      ( 8, 16, 87.622)
      ( 8, 17, 18.644)
      ( 8, 25,  5.204)
      ( 8, 36, 71.746)
      ( 8, 37,  4.999)
      ( 8, 38,  2.055)
      ( 8, 39,  0.382)
      ( 8, 40, 51.098)
      ( 8, 41, 37.028)
      ( 9, 14, 14.531)
      ( 9, 15, 72.872)
      ( 9, 17, 41.995)
      ( 9, 20, 21.409)
      ( 9, 23, 81.839)
      ( 9, 30, 23.283)
      ( 9, 35, 41.588)
      ( 9, 41, 23.605)
      ( 9, 43, 42.904)
      (10, 13, 51.650)
      (10, 16, 69.614)
      (10, 18, 61.023)
      (10, 19, 53.393)
      (10, 20, 71.053)
      (10, 21, 19.640)
      (10, 22,  8.391)
      (10, 23,  1.282)
      (10, 26, 50.148)
      (10, 28, 18.717)
      (10, 39, 34.727)
      (10, 42, 27.843)
      (10, 43, 15.137)
      (10, 44, 87.356)
      (11, 12, 58.214)
      (11, 15, 56.329)
      (11, 18, 71.637)
      (11, 26, 77.294)
      (11, 28, 68.236)
      (11, 29, 82.328)
      (11, 30, 51.764)
      (11, 31, 70.557)
      (11, 32, 18.630)
      (11, 41, 41.757)
      (11, 42, 97.433)
      (12, 19, 79.678)
      (12, 31, 33.597)
      (13, 14,  6.636)
      (13, 16, 13.468)
      (13, 19, 33.558)
      (13, 29, 78.623)
      (13, 33, 89.632)
      (13, 35, 17.675)
      (13, 37, 92.476)
      (13, 38, 67.487)
      (13, 39, 26.549)
      (13, 43, 21.782)
      (14, 15, 59.951)
      (14, 17, 15.782)
      (14, 25, 69.190)
      (14, 32, 22.245)
      (15, 18, 70.203)
      (15, 19, 28.003)
      (15, 20, 72.239)
      (15, 22, 16.781)
      (15, 23, 99.051)
      (15, 27, 50.439)
      (15, 28, 70.600)
      (15, 32, 31.111)
      (15, 43, 58.549)
      (16, 17, 35.702)
      (16, 23, 40.028)
      (16, 26, 48.166)
      (16, 31,  0.403)
      (16, 34, 64.709)
      (16, 35, 97.398)
      (16, 39,  8.257)
      (16, 40,  0.164)
      (17, 20, 95.935)
      (17, 23, 62.394)
      (17, 26, 57.977)
      (17, 33, 41.785)
      (17, 34, 44.479)
      (17, 36, 80.784)
      (17, 39, 84.138)
      (17, 43,  4.735)
      (18, 23,  5.335)
      (18, 35, 36.545)
      (18, 37, 93.843)
      (18, 41, 13.886)
      (18, 42, 22.403)
      (18, 43, 10.615)
      (19, 20, 12.619)
      (19, 24, 55.050)
      (19, 31, 81.180)
      (19, 32, 24.333)
      (19, 37, 39.558)
      (19, 41, 74.524)
      (19, 42, 72.987)
      (20, 21, 81.751)
      (20, 29, 20.823)
      (20, 33, 97.771)
      (20, 40, 30.931)
      (20, 41, 37.146)
      (21, 22, 48.773)
      (21, 23, 38.993)
      (21, 24, 82.426)
      (21, 28,  2.959)
      (21, 30, 31.524)
      (21, 32, 96.116)
      (21, 36,  2.255)
      (21, 40, 73.192)
      (21, 41, 40.584)
      (21, 44, 65.454)
      (22, 24, 28.530)
      (22, 25, 77.876)
      (22, 26,  7.372)
      (22, 34, 65.423)
      (22, 37, 16.317)
      (22, 39, 93.265)
      (22, 41, 76.352)
      (22, 44, 91.416)
      (23, 24,  4.410)
      (23, 27, 33.336)
      (23, 30, 65.707)
      (23, 33, 12.752)
      (23, 34, 86.422)
      (23, 35, 37.256)
      (23, 36, 54.224)
      (23, 37, 22.852)
      (23, 41, 88.019)
      (23, 43, 23.486)
      (23, 44, 33.920)
      (24, 25, 17.526)
      (24, 27, 11.740)
      (24, 28, 14.771)
      (24, 33, 14.603)
      (24, 35, 48.772)
      (24, 38, 26.514)
      (25, 26, 70.813)
      (25, 27, 27.103)
      (25, 28, 49.396)
      (25, 30,  5.698)
      (25, 37, 73.212)
      (25, 38, 67.014)
      (25, 42, 43.115)
      (26, 28, 97.522)
      (26, 30, 59.295)
      (26, 38, 92.393)
      (26, 43, 53.331)
      (27, 28, 73.458)
      (27, 29, 13.539)
      (27, 40, 81.441)
      (27, 43,  5.083)
      (28, 30, 25.129)
      (28, 32, 77.603)
      (28, 38, 89.890)
      (28, 44, 43.040)
      (29, 33, 14.209)
      (29, 36, 67.896)
      (30, 31, 80.914)
      (30, 32, 28.656)
      (30, 37, 55.929)
      (30, 44, 73.974)
      (31, 32, 70.605)
      (31, 33, 31.614)
      (31, 40, 65.116)
      (32, 33, 70.565)
      (32, 39, 82.018)
      (32, 41, 30.652)
      (32, 42, 89.862)
      (32, 44, 51.651)
      (33, 41, 12.715)
      (34, 44, 77.570)
      (35, 36, 95.253)
      (35, 37, 75.704)
      (35, 40, 22.251)
      (35, 42, 59.131)
      (35, 43, 79.766)
      (36, 37, 47.357)
      (36, 39, 30.731)
      (36, 41,  3.147)
      (36, 43, 48.495)
      (37, 41, 85.683)
      (38, 43, 60.868)
      (39, 40, 43.048)
      (39, 41, 68.753)
      (39, 44, 11.886)
      (40, 41, 91.293)
      (40, 42, 38.288)
      (40, 43, 23.662)
      (41, 43, 55.519) } |E|=287 
---------------- 

** G17: |V|=45
(u, v, weight) E = { 
      ( 0,  1, 70.352)
      ( 0,  4, 38.358)
      ( 0,  5, 21.682)
      ( 0,  8, 96.386)
      ( 0, 12, 60.823)
      ( 0, 14, 22.958)
      ( 0, 16, 73.118)
      ( 0, 19, 13.251)
      ( 0, 20, 48.105)
      ( 0, 26, 49.636)
      ( 0, 27, 44.736)
      ( 0, 29, 14.165)
      ( 0, 33, 41.204)
      ( 0, 36, 81.720)
      ( 0, 38, 46.337)
      ( 0, 40, 34.348)
      ( 0, 44, 42.514)
      ( 1,  2, 79.679)
      ( 1,  5, 14.355)
      ( 1,  6, 92.803)
      ( 1, 12, 54.169)
      ( 1, 14, 97.499)
      ( 1, 18, 70.776)
      ( 1, 23, 27.375)
      ( 1, 26, 46.869)
      ( 1, 27, 44.184)
      ( 1, 30, 63.996)
      ( 1, 32, 27.038)
      ( 1, 34, 23.972)
      ( 1, 37, 85.388)
      ( 1, 39, 74.638)
      ( 1, 43, 75.335)
      ( 2,  3, 99.512)
      ( 2,  4, 61.551)
      ( 2,  5, 94.293)
      ( 2,  9, 52.254)
      ( 2, 14, 58.363)
      ( 2, 17, 69.884)
      ( 2, 24, 36.392)
      ( 2, 34, 75.076)
      ( 2, 35, 67.947)
      ( 2, 36, 59.085)
      ( 2, 38, 94.794)
      ( 2, 40, 81.121)
      ( 2, 41, 65.843)
      ( 3, 12, 72.343)
      ( 3, 14,  8.732)
      ( 3, 15,  0.673)
      ( 3, 22, 79.016)
      ( 3, 24,  3.400)
      ( 3, 25,  3.461)
      ( 3, 26, 37.283)
      ( 3, 27, 15.788)
      ( 3, 28, 57.890)
      ( 3, 38, 48.720)
      ( 3, 39, 36.465)
      ( 3, 40, 47.644)
      ( 3, 41, 88.818)
      ( 3, 43, 74.262)
      ( 4,  7, 88.954)
      ( 4,  8, 63.490)
      ( 4, 11, 45.431)
      ( 4, 32, 62.871)
      ( 4, 38, 42.528)
      ( 4, 43, 56.570)
      ( 5,  6, 93.965)
      ( 5,  8,  6.921)
      ( 5,  9, 75.682)
      ( 5, 11, 98.589)
      ( 5, 12, 16.945)
      ( 5, 14, 14.092)
      ( 5, 17, 91.362)
      ( 5, 20,  6.869)
      ( 5, 29,  0.797)
      ( 5, 33, 72.818)
      ( 5, 44, 64.457)
      ( 6,  7, 28.145)
      ( 6,  8, 97.595)
      ( 6,  9, 94.377)
      ( 6, 14, 33.894)
      ( 6, 15, 73.794)
      ( 6, 16, 89.853)
      ( 6, 17, 65.878)
      ( 6, 18, 42.870)
      ( 6, 21, 24.910)
      ( 6, 24, 99.519)
      ( 6, 28, 48.784)
      ( 6, 33, 32.094)
      ( 6, 38, 41.286)
      ( 6, 39, 38.538)
      ( 6, 40, 67.139)
      ( 7, 14, 49.182)
      ( 7, 16, 28.290)
      ( 7, 17, 96.165)
      ( 7, 23, 20.518)
      ( 7, 24, 72.497)
      ( 7, 26, 70.229)
      ( 7, 29, 41.382)
      ( 7, 30, 43.639)
      ( 7, 31, 58.552)
      ( 7, 32, 12.009)
      ( 7, 35, 44.148)
      ( 8, 12, 33.134)
      ( 8, 18, 98.261)
      ( 8, 29, 89.271)
      ( 8, 35, 32.505)
      ( 8, 36, 19.089)
      ( 8, 38, 94.650)
      ( 8, 39, 67.689)
      ( 8, 40,  2.243)
      ( 8, 41,  0.694)
      ( 9, 10, 22.994)
      ( 9, 13, 76.101)
      ( 9, 14, 12.446)
      ( 9, 15, 51.736)
      ( 9, 16, 87.488)
      ( 9, 18, 85.162)
      ( 9, 19, 97.264)
      ( 9, 20, 90.331)
      ( 9, 21, 58.303)
      ( 9, 22, 56.511)
      ( 9, 24,  0.689)
      ( 9, 25, 46.937)
      ( 9, 31, 60.186)
      ( 9, 34, 83.651)
      ( 9, 36, 30.521)
      ( 9, 38, 71.695)
      ( 9, 39, 84.521)
      ( 9, 44, 83.627)
      (10, 11,  8.826)
      (10, 13, 37.122)
      (10, 18, 22.583)
      (10, 21, 44.224)
      (10, 30, 18.821)
      (10, 32, 52.264)
      (10, 35, 69.540)
      (10, 38, 53.246)
      (10, 39, 27.201)
      (10, 40, 53.869)
      (11, 16, 85.285)
      (11, 23, 99.105)
      (11, 24, 82.017)
      (11, 29, 10.082)
      (11, 30, 88.222)
      (11, 33, 95.263)
      (11, 34, 69.243)
      (11, 35, 49.197)
      (11, 36, 98.802)
      (11, 40, 91.217)
      (11, 41, 63.210)
      (11, 42, 87.542)
      (11, 43, 78.253)
      (11, 44, 48.209)
      (12, 15, 80.165)
      (12, 20, 57.404)
      (12, 22, 25.059)
      (12, 25, 17.727)
      (12, 26, 29.574)
      (12, 28, 15.785)
      (12, 30, 56.755)
      (12, 31, 26.910)
      (12, 36, 36.471)
      (12, 39, 29.595)
      (12, 41, 30.144)
      (12, 42, 20.698)
      (13, 17, 16.895)
      (13, 21, 27.638)
      (13, 25,  7.977)
      (13, 26, 73.881)
      (13, 27, 90.336)
      (13, 29, 97.544)
      (13, 31, 48.990)
      (13, 33, 81.911)
      (13, 34,  8.826)
      (13, 36, 60.912)
      (13, 41, 56.679)
      (13, 43, 91.070)
      (14, 16, 65.153)
      (14, 23,  7.039)
      (14, 27, 69.591)
      (14, 30, 60.648)
      (14, 31, 56.737)
      (14, 32, 64.970)
      (14, 34, 96.589)
      (14, 40, 30.787)
      (14, 42, 35.998)
      (14, 43, 80.573)
      (15, 17, 98.484)
      (15, 19, 32.159)
      (15, 25, 29.466)
      (15, 26, 14.099)
      (15, 32, 39.438)
      (15, 36, 22.546)
      (15, 42, 16.317)
      (15, 43, 55.119)
      (16, 20, 50.281)
      (16, 21, 23.697)
      (16, 27, 57.722)
      (16, 28, 51.700)
      (16, 34,  6.699)
      (16, 38, 36.807)
      (16, 41, 64.785)
      (17, 25, 94.764)
      (17, 28,  8.645)
      (17, 29, 31.597)
      (17, 37, 84.181)
      (17, 42, 86.206)
      (17, 44,  2.159)
      (18, 19, 91.103)
      (18, 25, 89.533)
      (18, 26, 95.869)
      (18, 37, 28.926)
      (18, 41, 57.002)
      (18, 43, 88.838)
      (19, 24, 57.548)
      (19, 26, 56.561)
      (19, 27, 99.184)
      (19, 35, 11.297)
      (19, 37, 23.096)
      (19, 40, 64.737)
      (19, 44, 19.513)
      (20, 23, 11.733)
      (20, 25,  1.786)
      (20, 28, 20.703)
      (20, 29, 62.688)
      (20, 37, 21.897)
      (20, 40, 17.426)
      (20, 41, 83.117)
      (20, 44, 46.056)
      (21, 23, 58.685)
      (21, 27, 43.442)
      (21, 31, 21.476)
      (21, 33, 35.326)
      (21, 34, 63.150)
      (21, 39, 47.628)
      (21, 40, 16.633)
      (22, 29, 59.883)
      (22, 31, 38.654)
      (22, 32, 54.466)
      (22, 38, 64.817)
      (23, 24, 74.376)
      (23, 26, 42.200)
      (23, 29,  8.039)
      (23, 36, 33.087)
      (23, 38,  3.690)
      (23, 39, 45.624)
      (23, 42, 81.312)
      (24, 34, 83.785)
      (24, 36, 29.653)
      (24, 37, 84.228)
      (24, 39, 12.858)
      (24, 40, 62.610)
      (24, 43, 17.637)
      (25, 32, 14.660)
      (25, 39, 47.599)
      (25, 41,  1.129)
      (25, 44, 19.037)
      (26, 27, 27.625)
      (26, 30, 67.780)
      (26, 36,  3.728)
      (26, 38, 72.665)
      (26, 41, 39.662)
      (27, 28, 10.367)
      (27, 30, 62.040)
      (27, 31, 42.668)
      (27, 32, 85.501)
      (27, 35, 69.184)
      (27, 37, 53.664)
      (27, 40, 87.850)
      (27, 41, 36.392)
      (27, 42, 85.863)
      (27, 44, 35.249)
      (28, 34, 86.293)
      (28, 39, 64.407)
      (28, 43, 53.835)
      (29, 30,  3.252)
      (29, 32,  5.499)
      (29, 37, 93.079)
      (29, 38, 34.164)
      (29, 39, 28.033)
      (29, 41, 23.498)
      (29, 44, 77.467)
      (30, 34,  1.253)
      (30, 35, 48.813)
      (30, 43, 48.171)
      (31, 35, 78.366)
      (31, 44, 46.755)
      (32, 36, 98.396)
      (32, 40, 22.304)
      (32, 43, 64.802)
      (33, 34, 40.888)
      (33, 40, 43.077)
      (33, 41, 25.309)
      (33, 42, 68.192)
      (33, 44, 22.214)
      (34, 35, 23.805)
      (34, 36, 36.907)
      (34, 37, 15.025)
      (34, 38, 57.281)
      (34, 41, 21.127)
      (34, 42, 88.856)
      (34, 43, 12.309)
      (35, 36, 90.188)
      (35, 38,  7.271)
      (35, 40, 95.865)
      (35, 41, 86.955)
      (35, 43, 81.103)
      (36, 43,  2.339)
      (38, 41, 42.275)
      (38, 43, 95.910)
      (38, 44, 65.064) } |E|=311 
---------------- 

** G18: |V|=50
(u, v, weight) E = { 
      ( 0,  1, 30.162)
      ( 0,  7, 71.329)
      ( 0,  9, 44.010)
      ( 0, 11, 44.704)
      ( 0, 14, 71.158)
      ( 0, 19, 70.691)
      ( 0, 25, 24.109)
      ( 0, 27, 91.440)
      ( 0, 29, 23.097)
      ( 0, 30, 19.535)
      ( 0, 38, 96.024)
      ( 0, 41, 29.594)
      ( 0, 46, 11.348)
      ( 0, 47, 30.237)
      ( 0, 48, 88.107)
      ( 0, 49,  7.318)
      ( 1,  2, 18.899)
      ( 1,  3, 44.518)
      ( 1,  4, 53.807)
      ( 1,  7, 45.941)
      ( 1,  9, 76.708)
      ( 1, 14, 53.949)
      ( 1, 15, 26.390)
      ( 1, 16,  7.729)
      ( 1, 18, 83.209)
      ( 1, 31, 29.034)
      ( 1, 35, 18.255)
      ( 1, 36, 16.349)
      ( 1, 39,  5.479)
      ( 1, 40, 31.798)
      ( 1, 48, 87.302)
      ( 2,  4, 24.147)
      ( 2,  6, 87.429)
      ( 2,  7, 84.478)
      ( 2,  8,  1.237)
      ( 2, 10, 81.665)
      ( 2, 11, 91.837)
      ( 2, 21, 26.416)
      ( 2, 30, 52.698)
      ( 2, 33, 10.527)
      ( 2, 36, 76.697)
      ( 2, 40, 73.648)
      ( 2, 42, 73.350)
      ( 3,  4, 88.024)
      ( 3,  8,  2.593)
      ( 3, 12, 98.432)
      ( 3, 16, 43.589)
      ( 3, 18, 49.105)
      ( 3, 22,  5.606)
      ( 3, 24, 66.917)
      ( 3, 25, 77.815)
      ( 3, 27,  9.197)
      ( 3, 30, 71.027)
      ( 3, 35, 66.423)
      ( 3, 36, 10.507)
      ( 3, 37, 83.839)
      ( 3, 41, 92.820)
      ( 3, 44, 44.497)
      ( 3, 45, 90.623)
      ( 4,  5, 79.809)
      ( 4,  8, 30.008)
      ( 4, 12, 20.910)
      ( 4, 23, 10.489)
      ( 4, 26, 46.206)
      ( 4, 27, 19.485)
      ( 4, 29, 60.136)
      ( 4, 33, 76.564)
      ( 4, 34, 45.680)
      ( 4, 37, 97.591)
      ( 4, 40, 59.133)
      ( 4, 41, 98.242)
      ( 4, 45,  3.060)
      ( 4, 46, 97.090)
      ( 4, 48, 89.161)
      ( 5,  6, 53.483)
      ( 5,  7, 19.224)
      ( 5,  8,  6.978)
      ( 5,  9, 54.164)
      ( 5, 12, 33.654)
      ( 5, 28, 99.117)
      ( 5, 31, 69.487)
      ( 5, 33, 21.124)
      ( 5, 38, 31.461)
      ( 5, 42, 54.981)
      ( 5, 45, 49.700)
      ( 5, 48, 44.173)
      ( 6,  7, 78.115)
      ( 6,  8, 10.995)
      ( 6, 13, 15.908)
      ( 6, 15, 38.130)
      ( 6, 20, 74.442)
      ( 6, 27, 70.716)
      ( 6, 30, 93.194)
      ( 6, 34, 56.848)
      ( 6, 39,  0.369)
      ( 6, 40, 45.068)
      ( 6, 48, 21.586)
      ( 7,  8,  2.197)
      ( 7,  9, 68.866)
      ( 7, 11, 90.953)
      ( 7, 17, 78.797)
      ( 7, 18, 42.063)
      ( 7, 22, 44.864)
      ( 7, 31, 69.166)
      ( 7, 36, 33.791)
      ( 7, 39, 79.513)
      ( 7, 40, 89.090)
      ( 7, 42, 49.344)
      ( 7, 44, 36.512)
      ( 7, 47, 92.746)
      ( 7, 48, 47.744)
      ( 7, 49, 10.529)
      ( 8,  9, 77.556)
      ( 8, 16, 78.177)
      ( 8, 17, 37.929)
      ( 8, 21, 37.878)
      ( 8, 27,  5.752)
      ( 8, 30, 93.088)
      ( 8, 36, 50.763)
      ( 8, 37, 40.837)
      ( 8, 47, 79.951)
      ( 8, 48, 74.978)
      ( 9, 12,  9.841)
      ( 9, 14, 17.439)
      ( 9, 17,  5.421)
      ( 9, 18, 20.073)
      ( 9, 20, 99.110)
      ( 9, 23, 47.688)
      ( 9, 29, 96.221)
      ( 9, 31, 78.466)
      ( 9, 33, 65.574)
      ( 9, 34,  1.244)
      ( 9, 35, 95.984)
      ( 9, 42, 75.958)
      ( 9, 43, 33.266)
      ( 9, 44, 18.401)
      (10, 12, 11.333)
      (10, 22, 60.145)
      (10, 25, 25.991)
      (10, 28, 27.376)
      (10, 33, 10.076)
      (10, 34, 14.887)
      (10, 37, 59.047)
      (10, 40, 80.578)
      (10, 41, 38.600)
      (11, 17, 47.117)
      (11, 18, 64.205)
      (11, 20, 69.665)
      (11, 21, 71.106)
      (11, 24, 63.448)
      (11, 31, 25.327)
      (11, 33, 92.539)
      (11, 35, 18.069)
      (11, 36, 53.470)
      (11, 38, 36.196)
      (11, 39,  7.091)
      (11, 40, 37.181)
      (11, 42, 65.460)
      (11, 46, 65.972)
      (11, 47, 41.478)
      (12, 15, 88.238)
      (12, 16, 79.247)
      (12, 18, 64.238)
      (12, 19, 17.766)
      (12, 20, 43.122)
      (12, 22, 64.249)
      (12, 23, 24.271)
      (12, 24,  2.376)
      (12, 25, 34.230)
      (12, 31, 28.356)
      (12, 32,  0.693)
      (12, 33, 23.904)
      (12, 36, 89.672)
      (12, 44, 46.207)
      (13, 14, 28.283)
      (13, 19, 31.135)
      (13, 20,  9.957)
      (13, 24,  2.439)
      (13, 27, 24.995)
      (13, 29, 68.626)
      (13, 30, 54.418)
      (13, 31, 13.255)
      (13, 32, 31.050)
      (13, 34,  4.632)
      (13, 45,  4.190)
      (13, 46, 74.364)
      (13, 47, 69.250)
      (14, 17, 73.328)
      (14, 18, 84.913)
      (14, 23, 20.912)
      (14, 29, 62.234)
      (14, 31, 48.029)
      (14, 37, 26.466)
      (14, 40, 31.190)
      (14, 41,  0.991)
      (14, 43, 21.320)
      (14, 44, 49.171)
      (14, 49, 16.132)
      (15, 16, 36.620)
      (15, 17, 99.999)
      (15, 18,  2.733)
      (15, 21, 43.520)
      (15, 27, 33.112)
      (15, 31,  5.276)
      (15, 35, 24.829)
      (15, 36, 62.341)
      (15, 38, 77.824)
      (15, 41, 31.554)
      (15, 42, 86.795)
      (15, 45, 32.040)
      (15, 49,  9.487)
      (16, 17, 54.654)
      (16, 20,  9.355)
      (16, 23,  6.423)
      (16, 34, 90.945)
      (16, 37, 54.765)
      (16, 39, 60.652)
      (16, 44, 14.915)
      (16, 45, 71.547)
      (16, 46, 89.694)
      (17, 25, 34.456)
      (17, 28, 87.005)
      (17, 30,  8.583)
      (17, 31,  3.036)
      (17, 33, 96.067)
      (17, 34, 26.310)
      (17, 35, 48.833)
      (17, 38, 91.639)
      (17, 40, 54.197)
      (17, 41, 62.473)
      (17, 43, 47.410)
      (17, 45, 42.178)
      (17, 46, 66.767)
      (18, 22,  3.703)
      (18, 26, 39.444)
      (18, 27, 49.156)
      (18, 28, 85.069)
      (18, 29, 53.454)
      (18, 31, 98.861)
      (18, 33, 51.615)
      (18, 36, 69.481)
      (18, 44, 25.078)
      (18, 47, 96.914)
      (18, 48, 86.118)
      (19, 24, 17.646)
      (19, 26, 87.231)
      (19, 30, 66.446)
      (19, 33, 98.366)
      (19, 35, 16.515)
      (19, 40, 25.681)
      (19, 47, 73.390)
      (20, 21, 59.503)
      (20, 24, 21.899)
      (20, 28, 88.864)
      (20, 31, 84.674)
      (20, 34, 90.631)
      (20, 35, 93.945)
      (20, 42, 41.186)
      (20, 44, 44.367)
      (20, 45, 46.259)
      (20, 46, 62.619)
      (20, 47, 20.358)
      (21, 25, 22.171)
      (21, 29, 60.477)
      (21, 33, 52.042)
      (21, 34, 90.183)
      (21, 35, 19.725)
      (21, 37, 51.915)
      (21, 38, 61.943)
      (21, 42, 63.795)
      (21, 45, 11.757)
      (22, 24, 57.624)
      (22, 30,  6.620)
      (22, 34, 94.271)
      (22, 39, 31.262)
      (22, 44, 95.719)
      (22, 48, 83.037)
      (23, 30, 62.311)
      (23, 37, 81.403)
      (23, 43, 37.091)
      (23, 46, 57.855)
      (23, 47, 20.809)
      (23, 48, 90.610)
      (24, 26, 39.927)
      (24, 28, 55.525)
      (24, 34, 53.502)
      (24, 35, 51.708)
      (24, 37, 54.994)
      (24, 38, 49.525)
      (24, 39, 31.860)
      (24, 42, 60.323)
      (24, 46, 10.725)
      (24, 47, 89.046)
      (25, 26, 27.470)
      (25, 27, 97.517)
      (25, 30, 83.693)
      (25, 31, 68.236)
      (25, 32, 25.296)
      (25, 33,  9.620)
      (25, 34, 68.529)
      (25, 35, 36.596)
      (25, 36, 77.242)
      (25, 39, 99.351)
      (25, 42, 38.538)
      (26, 32, 96.411)
      (26, 36, 57.765)
      (26, 39, 37.296)
      (26, 45,  9.561)
      (26, 46, 65.029)
      (26, 49, 95.724)
      (27, 32, 26.683)
      (27, 34, 71.807)
      (27, 40,  5.001)
      (27, 41, 99.920)
      (27, 48, 53.584)
      (28, 30, 30.427)
      (28, 34, 29.665)
      (28, 35,  7.690)
      (28, 38, 77.315)
      (29, 31, 34.001)
      (29, 38, 36.254)
      (29, 39, 43.225)
      (29, 44, 76.733)
      (30, 33, 89.549)
      (30, 35, 83.608)
      (30, 37, 94.672)
      (30, 38, 11.236)
      (30, 39, 33.339)
      (30, 40,  7.616)
      (30, 42, 40.099)
      (30, 45, 55.554)
      (30, 49, 85.432)
      (31, 33, 78.087)
      (31, 39, 12.965)
      (31, 43, 40.159)
      (31, 46, 22.841)
      (31, 48, 16.053)
      (31, 49, 12.986)
      (32, 33,  5.052)
      (32, 35, 89.424)
      (32, 37, 74.563)
      (32, 38, 66.967)
      (32, 40, 10.011)
      (32, 44, 94.824)
      (32, 47, 69.739)
      (33, 43, 14.290)
      (33, 44, 18.114)
      (33, 45, 97.034)
      (33, 48, 48.638)
      (34, 35, 12.207)
      (34, 47, 45.723)
      (34, 48, 61.079)
      (34, 49, 31.901)
      (35, 38, 26.742)
      (35, 45, 63.662)
      (35, 48,  0.784)
      (35, 49, 72.826)
      (36, 42, 40.596)
      (36, 46,  6.433)
      (36, 49, 56.974)
      (37, 46, 47.938)
      (38, 39, 66.984)
      (38, 40, 21.039)
      (38, 41, 20.711)
      (38, 43, 24.341)
      (38, 47, 70.563)
      (39, 42, 97.587)
      (39, 43, 38.813)
      (39, 46, 17.940)
      (40, 44, 48.141)
      (40, 45, 86.086)
      (41, 44, 83.508)
      (41, 46, 28.697)
      (42, 43, 13.144)
      (42, 46, 26.016)
      (43, 47, 68.786)
      (45, 47, 10.139)
      (46, 48,  2.504)
      (47, 49, 61.262)
      (48, 49, 44.963) } |E|=380 
---------------- 

** G19: |V|=50
(u, v, weight) E = { 
      ( 0,  1, 61.428)
      ( 0,  2,  0.812)
      ( 0,  3, 23.807)
      ( 0,  4, 52.710)
      ( 0,  6, 86.149)
      ( 0,  7, 28.566)
      ( 0, 11, 56.237)
      ( 0, 14, 72.190)
      ( 0, 16, 57.850)
      ( 0, 20, 17.388)
      ( 0, 22, 79.199)
      ( 0, 24, 12.153)
      ( 0, 36, 69.890)
      ( 0, 38, 87.312)
      ( 0, 49, 18.736)
      ( 1,  9, 97.912)
      ( 1, 12, 16.862)
      ( 1, 15, 82.899)
      ( 1, 25,  7.039)
      ( 1, 30, 97.341)
      ( 1, 31, 25.141)
      ( 1, 32, 20.651)
      ( 1, 33, 50.165)
      ( 1, 36, 97.979)
      ( 1, 38, 93.625)
      ( 1, 39, 84.144)
      ( 1, 40, 10.826)
      ( 1, 46, 21.210)
      ( 1, 49,  0.470)
      ( 2, 11, 21.467)
      ( 2, 14, 51.294)
      ( 2, 15, 99.504)
      ( 2, 17, 87.590)
      ( 2, 21, 18.807)
      ( 2, 24,  8.684)
      ( 2, 26, 32.291)
      ( 2, 27, 94.216)
      ( 2, 33, 20.928)
      ( 2, 36, 29.283)
      ( 2, 37, 30.098)
      ( 2, 39, 98.492)
      ( 2, 40, 56.044)
      ( 2, 44, 56.729)
      ( 2, 46, 56.625)
      ( 2, 47, 47.766)
      ( 3,  5, 82.827)
      ( 3,  7,  4.025)
      ( 3,  8, 47.017)
      ( 3, 21, 97.827)
      ( 3, 22, 60.688)
      ( 3, 31, 66.678)
      ( 3, 37, 21.863)
      ( 3, 39, 98.605)
      ( 3, 40, 91.255)
      ( 3, 41, 74.044)
      ( 3, 44, 38.674)
      ( 3, 46, 49.268)
      ( 3, 47, 44.408)
      ( 3, 49, 12.414)
      ( 4,  5, 86.531)
      ( 4,  9, 43.161)
      ( 4, 10, 42.088)
      ( 4, 12, 96.019)
      ( 4, 17,  8.542)
      ( 4, 19, 73.782)
      ( 4, 21, 43.077)
      ( 4, 24,  1.311)
      ( 4, 25, 17.492)
      ( 4, 27, 48.682)
      ( 4, 28, 35.076)
      ( 4, 31, 98.349)
      ( 4, 34, 96.219)
      ( 4, 35, 94.547)
      ( 4, 40, 52.139)
      ( 4, 43, 41.911)
      ( 4, 45, 85.201)
      ( 4, 46, 94.090)
      ( 4, 47, 40.319)
      ( 5, 10, 85.190)
      ( 5, 16, 67.455)
      ( 5, 17, 83.496)
      ( 5, 18,  1.625)
      ( 5, 19, 63.055)
      ( 5, 22, 40.028)
      ( 5, 23, 53.800)
      ( 5, 33, 90.519)
      ( 5, 38, 51.866)
      ( 5, 40, 83.753)
      ( 5, 45, 64.445)
      ( 6,  7, 22.240)
      ( 6, 15, 14.991)
      ( 6, 16, 77.208)
      ( 6, 18, 17.591)
      ( 6, 19,  2.007)
      ( 6, 20, 54.010)
      ( 6, 22, 12.408)
      ( 6, 26, 69.156)
      ( 6, 29, 89.724)
      ( 6, 35, 70.996)
      ( 6, 42, 52.492)
      ( 6, 45, 29.449)
      ( 6, 47, 61.072)
      ( 7, 10, 55.155)
      ( 7, 11, 15.798)
      ( 7, 17,  3.233)
      ( 7, 18, 39.821)
      ( 7, 19, 77.212)
      ( 7, 22, 27.932)
      ( 7, 23, 70.874)
      ( 7, 28, 39.682)
      ( 7, 29, 80.773)
      ( 7, 31, 72.514)
      ( 7, 32, 90.630)
      ( 7, 34, 70.624)
      ( 7, 35, 80.248)
      ( 7, 38, 30.668)
      ( 7, 43, 98.940)
      ( 7, 44, 76.642)
      ( 7, 46, 94.560)
      ( 8, 10, 78.031)
      ( 8, 18, 45.843)
      ( 8, 24, 42.350)
      ( 8, 26, 13.017)
      ( 8, 28, 44.167)
      ( 8, 31, 30.537)
      ( 8, 32, 36.652)
      ( 8, 33, 48.370)
      ( 8, 35, 82.717)
      ( 8, 36, 42.096)
      ( 8, 38, 59.440)
      ( 8, 44,  1.420)
      ( 8, 46, 46.255)
      ( 8, 48, 14.916)
      ( 8, 49, 14.405)
      ( 9, 11, 83.700)
      ( 9, 14, 93.056)
      ( 9, 18, 99.531)
      ( 9, 19, 85.055)
      ( 9, 20, 30.237)
      ( 9, 26, 97.215)
      ( 9, 27, 45.342)
      ( 9, 30, 64.824)
      ( 9, 38, 57.986)
      ( 9, 42, 52.132)
      ( 9, 47, 54.184)
      ( 9, 48, 60.425)
      (10, 12, 93.214)
      (10, 13, 41.131)
      (10, 16, 87.678)
      (10, 17, 15.219)
      (10, 30,  5.979)
      (10, 33, 24.365)
      (10, 41, 67.885)
      (10, 45, 41.472)
      (10, 46, 26.578)
      (11, 13, 64.068)
      (11, 16, 21.016)
      (11, 18, 68.460)
      (11, 20,  3.224)
      (11, 21, 32.571)
      (11, 23, 14.283)
      (11, 24, 37.111)
      (11, 25, 61.677)
      (11, 26, 71.137)
      (11, 27, 45.977)
      (11, 29,  0.422)
      (11, 30, 60.490)
      (11, 34, 38.527)
      (11, 38, 39.858)
      (11, 39,  6.702)
      (11, 42, 81.297)
      (11, 43, 25.261)
      (11, 46, 52.767)
      (11, 47, 48.876)
      (11, 49, 17.893)
      (12, 13, 75.732)
      (12, 15, 45.504)
      (12, 18, 31.336)
      (12, 31, 23.143)
      (12, 33,  2.835)
      (12, 34, 97.565)
      (12, 41, 73.758)
      (12, 42, 28.743)
      (12, 43, 16.256)
      (12, 44, 56.973)
      (12, 46, 45.608)
      (13, 14, 76.948)
      (13, 15, 82.506)
      (13, 19, 86.931)
      (13, 23, 99.630)
      (13, 24, 62.461)
      (13, 26,  1.507)
      (13, 29, 43.472)
      (13, 30,  3.180)
      (13, 34, 59.012)
      (13, 36, 86.590)
      (13, 44, 42.834)
      (13, 46, 83.325)
      (14, 15, 53.659)
      (14, 21, 13.070)
      (14, 24, 50.233)
      (14, 30, 67.495)
      (14, 33, 39.367)
      (14, 36, 70.209)
      (14, 38, 16.551)
      (14, 40, 75.732)
      (14, 42, 17.900)
      (14, 44, 54.168)
      (14, 49, 68.469)
      (15, 19, 71.789)
      (15, 20,  7.982)
      (15, 25, 74.382)
      (15, 30, 71.756)
      (15, 36, 22.075)
      (15, 38, 53.607)
      (15, 39, 57.349)
      (15, 46, 49.416)
      (15, 48, 77.595)
      (16, 18, 63.074)
      (16, 22, 80.772)
      (16, 28,  4.368)
      (16, 31,  2.439)
      (16, 37, 26.240)
      (16, 38, 51.050)
      (16, 42, 24.524)
      (16, 46, 25.047)
      (17, 20, 11.824)
      (17, 22, 38.649)
      (17, 23, 49.482)
      (17, 24, 65.547)
      (17, 26, 53.894)
      (17, 27, 43.675)
      (17, 31, 44.382)
      (17, 33, 14.522)
      (17, 38, 50.489)
      (17, 39, 72.882)
      (17, 47, 47.234)
      (18, 20, 22.620)
      (18, 27, 52.777)
      (18, 40, 52.280)
      (18, 43, 81.687)
      (18, 48, 97.112)
      (19, 20, 87.657)
      (19, 24, 20.885)
      (19, 26, 83.561)
      (19, 34, 27.883)
      (19, 38, 96.580)
      (19, 41, 73.892)
      (19, 42, 11.577)
      (19, 47, 82.707)
      (20, 21, 60.876)
      (20, 24, 61.762)
      (20, 31, 45.994)
      (20, 35, 61.283)
      (20, 36, 71.910)
      (20, 39, 81.158)
      (20, 42, 81.616)
      (20, 45, 21.526)
      (21, 27, 86.240)
      (21, 29, 80.241)
      (21, 35, 33.961)
      (21, 39, 71.932)
      (21, 41, 42.245)
      (21, 42, 97.711)
      (22, 23, 56.514)
      (22, 24, 72.472)
      (22, 25, 79.962)
      (22, 28, 82.844)
      (22, 30, 38.005)
      (22, 33, 66.518)
      (22, 35,  9.016)
      (22, 38,  9.606)
      (22, 44, 54.826)
      (22, 46, 22.140)
      (23, 26, 90.000)
      (23, 29, 98.549)
      (23, 31, 30.034)
      (23, 35, 50.010)
      (23, 36, 45.959)
      (23, 38, 48.984)
      (23, 40, 40.641)
      (23, 43, 75.851)
      (23, 46, 47.896)
      (23, 47, 86.575)
      (23, 48, 32.038)
      (24, 25, 37.413)
      (24, 29, 17.478)
      (24, 30,  1.759)
      (24, 31,  7.928)
      (24, 32, 42.581)
      (24, 33, 68.713)
      (24, 36, 49.325)
      (24, 38, 66.946)
      (24, 41,  6.800)
      (25, 26,  0.647)
      (25, 31, 52.252)
      (25, 32, 73.318)
      (25, 33, 96.900)
      (25, 34, 11.336)
      (25, 35, 61.968)
      (25, 37, 62.056)
      (25, 38, 17.727)
      (25, 41, 15.990)
      (25, 44, 13.688)
      (25, 49, 94.099)
      (26, 27, 86.124)
      (26, 29, 64.233)
      (26, 33, 32.855)
      (26, 37, 53.842)
      (26, 38, 71.167)
      (26, 45, 73.350)
      (27, 28, 63.356)
      (27, 32, 50.173)
      (27, 41, 10.392)
      (27, 48, 76.859)
      (28, 29, 78.567)
      (28, 33, 41.837)
      (28, 34, 74.465)
      (28, 35, 78.808)
      (28, 38, 39.888)
      (28, 39, 45.541)
      (28, 44, 65.726)
      (28, 46, 22.943)
      (28, 47, 76.820)
      (29, 31, 36.780)
      (29, 33, 77.584)
      (29, 34, 55.878)
      (29, 37, 40.102)
      (29, 38, 83.792)
      (29, 44, 28.188)
      (29, 45, 61.063)
      (29, 46, 60.968)
      (29, 47, 58.059)
      (29, 48, 74.612)
      (30, 31, 92.168)
      (30, 33, 82.893)
      (30, 34,  6.875)
      (30, 38, 56.090)
      (30, 45, 49.638)
      (30, 46, 56.652)
      (30, 48, 70.482)
      (31, 38, 99.656)
      (31, 39, 80.671)
      (31, 48, 38.190)
      (32, 36, 64.449)
      (32, 38, 43.992)
      (32, 42, 78.832)
      (32, 49, 63.038)
      (33, 35, 35.051)
      (33, 39, 94.745)
      (33, 41,  7.969)
      (33, 42, 97.689)
      (33, 43, 82.011)
      (34, 37, 81.139)
      (34, 39, 36.525)
      (34, 40, 34.182)
      (34, 42, 54.098)
      (34, 45, 52.184)
      (34, 46, 62.595)
      (35, 41, 14.476)
      (35, 42, 97.283)
      (35, 43, 12.522)
      (35, 44,  0.117)
      (35, 45, 90.597)
      (35, 47, 90.166)
      (36, 42, 92.729)
      (36, 43, 18.527)
      (36, 44, 74.722)
      (36, 46,  3.372)
      (36, 47, 80.047)
      (36, 48, 49.434)
      (37, 42,  5.325)
      (37, 43, 46.168)
      (37, 44, 47.272)
      (38, 42, 53.943)
      (38, 48, 27.401)
      (39, 44, 81.343)
      (39, 47, 53.038)
      (40, 43,  3.870)
      (40, 45, 26.429)
      (40, 46,  1.302)
      (40, 47, 80.929)
      (41, 45, 84.607)
      (41, 46, 94.933)
      (41, 48, 56.962)
      (42, 46, 17.940)
      (43, 44, 55.610)
      (43, 48, 62.996)
      (43, 49,  7.834)
      (45, 47, 58.381)
      (46, 47, 37.195)
      (46, 49, 16.599) } |E|=392 
---------------- 

